kinematics:
  shoulder:
    x: 0
    y: 0
    z: 0.1519596006818804
    roll: -0
    pitch: 0
    yaw: 6.860599810476486e-08
  upper_arm:
    x: -4.586286682630437e-05
    y: 0
    z: 0
    roll: 1.570749951736036
    pitch: 0
    yaw: 2.023818569299252e-06
  forearm:
    x: -0.2438019534901341
    y: 0
    z: 0
    roll: 0.001660356516182385
    pitch: 0.001601581801049012
    yaw: -8.581336881267002e-06
  wrist_1:
    x: -0.2132359723264161
    y: -0.0004156877326853789
    z: 0.1315165906673713
    roll: 0.003160714145030328
    pitch: 0.0009344454166279029
    yaw: 3.016344971473665e-06
  wrist_2:
    x: 8.82470830057686e-06
    y: -0.08544558861729108
    z: -3.032917111248207e-05
    roll: 1.571151279816223
    pitch: 0
    yaw: 1.837779294439068e-06
  wrist_3:
    x: -0.0001111966721348066
    y: 0.09230065832475144
    z: -0.0002286726553214696
    roll: 1.56831885597705
    pitch: 3.141592653589793
    yaw: 3.141592102882104
  hash: calib_17062541415677085553